proofParams	uint256[]	12
4
32
6
8
0
3
3
3
3
3
2
2


proof	uint256[]	17864366667553351362987201036789329487852087283814112003419589830712957599744
58004342463246416378817286418812440382091668848826110100140567099620913577984
24238059206864238586814298789544840730283793574246671575579522424119224172544
2022240700670741620354900771432427892652290480383164844781946044141710432624
2070473553001579078055093704200154164109797694810642669460534858623109476576
2211967800427732871491003592312890029905007919557385951014936829052768701867
1238934474236744412014193105122980629503560407959708602768533430853629193782
3417428201509706647691210265997162130347044185931543505960910190390352596256
2278462859081820079995038206416473115619268094818673189376092596194205575078
2263147420071822574610873791347523303070909117958630046817322965528732990692
1750911731328963830142631234204754424810779643900734458560693467198924665111
576383429179790389429668557895055272548833698233175288306162688780244991679
2725579991428564481437756265911658281858744952534655743320523263594256725122
733872185348943646827439215498653380092072256418090922310168489642592572937
2908747374412798632796360795328992707005749362793244394431792011605104463813
2569869933365498571551726609043451908279588999071690698090698750887871847992
2800081901565719913555025349197674924441788517090925170114532676252977311002
2030227848190227038136235716275572245722498699749392602314542568550001123969
2200703664678862056944989193246151373462738965554472072121880384539861759673
3313994932998681641537248415030324401804138683363559928649722727818601617785
2996642739149988934253238160332394555927108682837963200825410848247439394692
1165750519781514714735231843439325382622346567517878925579407395484793731615
3413425746691725044761388716487948533735285591889513383346780702537877455892
3507646397648863546927751437846569578287356954186544379393014118665119237902
538641237894763032498416536047470034614099082280442473952992115443753939078
3100866717901196063400350361283819183377233680260252807032032346266418223721
3568603390131518234518255313749124376009769283086429922240071711487875427597
3462583226504049534861273188936345828459076057334168412588961842607260302536
3359041717679229892262031352532623010365788519126261005976706383426104117547
705330021573526274454976077503776640660712547023453095745363309488884434705
1776029938828290244678461753160954072055857401175524316760885997001526803508
1472426740669871763099456740854882614700698441848996799607959783383655073553
3306684062092562970417350482584811259333799716321383898110788825085124875499
1265125880628358820136585605156311686045638144769271307837333673150321732534
2509640039060746902612592924182205826266840694203578191970175210367372581589
3602481258909083525856201551301692325032381145418798252083491290966467644655
1630402716558488842369685447577029753818893923102630951225160899983262315643
233181164871054136906379828757457600237848047487577623350934404810247901545
96078976931682357728669721120057479096107226089876637191388844434549848156
2767046315895497067856185936799910954746213120121872734993501466729006556790
630886558597880478995080500655613021344066237776297890357873544999522230115
1680477128941903020443010745558136664859914880150219334111445597630982483993
1213187121049375416900650441272059798572753940257036530614855172745380297412
554024757830897462456908184867337412673737143500539918389868947098300775948
3403712522685374058672000011777115326171226879253945542603819934946595168553
3221699903660343201102182832928533692465362688925117315697876200332000721728
1126052076104671875841796837019357979322468034726582876079221051588348397604
570365482547697879570599342472424283034747863974325312464150338045572048831
572959019061821525810041030378555269410272266473173194472296088347936956192
2391712841479836256528879040830688947952704238516778435004834790861487192651
1037673270357557789728022625396535829794379356253304333307798729174197341284
3228516070667068342831961178331805900193835807321074424046397310743712008876
1513728349547849554906748014475583457203740667290141273680498822823894092099
1100985157537079900954281954273905701471359018239067955629040533299376726853
1035442829124595168316368060062479602432476787797179288777630168456296727537
3411117999259055896712004046509701483989215326476091813141647455583553201914
1508894664980683066264941979411227770965837866312570031397859783382797170473
812362888196840291657532578419043653350547833747892671323537967097945617614
48079434638282359646549701304344631133047280286566082653754658144309404436
1479582486617024736758656978222076924016920411143539106065638032058168820648
2797451165779073458286143256809742582682800077084420391331837884224653794249
1337831675662267229926782830260376118014819685086160847854045567917701299167
952863885949171991228398030295060656903442232372429953609749289426255104668
2966089458060655755575693557042567563140219207111431645956045921032733190026
2317276920212917477173898023569289179508721922397847167758794237014148895744
2928828336411839431303766592971954113503132358453769191448408573439254972413
2925549480456784885522411374240869835393256619713284005155730384710527961322
3215982519478907100907879128814788654174152371907661079182750858489668334162
2076783576080365816204612533590764487725278949687202061235157958226422983439
502055110099514858375553867859882183524136705123630290625175518606790455916
3306746617563434017011827466679140065863868915665908307033290345688678215579
2429376749653687326000756516187252895585373687729660288534782621759450069342
3298738151404502074158521418357834151649049264274382474083461323889610286330
3081685161687895826194142531604817563903269226925951225147451336226584765107
823875661933368016177560665949540797094271305626534214218637169684119657107
2776054782311323168069883826324505089776700141502593691384806857729248412975
3479981869451198335798694191715828538238840308142857340532784502873326835032
1237512385681910122445699255182941741107520601929128590599666257509201234925
1943572876051483954938230320018979203187720455290580277601266581079219995692
670500861019712787872393237723596863287075736599481361048928438703926465773
3176108540411143534880044285472601369600540160918429564423367489383757172152
2476927500831046864826658345714034048337744851852913146632952707828751054981
275553972870225566489148612126863769495468606571784009535672597035027270255
1137159313334749512975788305134641849173984418704750515403381318044463523036
289601807338395908463012750806138220061136730658557199674523482924660983818
539221532122777705716958799614188327064715218702561433690878159046823118649
1346137259481539150760318446848090844024297319378272829815512867027342569721
264238009830836219023480853379225348265530458053093805429073547747009554982
1217873689704904724406870172443084114534847937333277640761429416754013413119
1908508379562256245867789014030744736541053839980338811762558399516349653111
1008653489552043412180048986729290836177448802102516254597148842687577837477
735400456572561028122025265835437932068690147795742378483068120296539691582
747013149415348254499428874220988685656723103937820214477585990597346260572
2186374567712700708242939755313279520452428921172971371571714558481000453921
247816873804221794415531046048224392663597176436123238710507532491308491761
1194994546178589019143998404854623715254048560103884768165766840437256479503
2315275392188498591025585448496544502176893909810295518357662049497320832654
2151399963232597657598653501056634394646534823463221044373782422209259123845
1368769396490462738724346146871291870211067430377426799190587093704383458244
1850343546689217092580266303286623476953472315264823996171666968821240471251
1130757433779120989286804124102541743616717131144571277219959173365555343725
2872722254298275987925345136051583395565443678796702383853727315170478828196
2104500405876544701869883139141240323460611169485285900506221997956213653338
2402589216278800705927732251712649164006138255191806704585676525502871933421
359151311311974405350922805897439053975282169826413647785180133099315996180
1939259254116335223009161141196890307751381670119817853115378331414291426948
1297553323485794686048576457864762838339147585639380940590501468651817584237
3010046066079807002149859180788321331603400665973620425343630346090559568694
1613599398397901767775276293586679391003355607164612178681275473944634602278
2077178406670384578297739456736186336508806837429271018880833436428308613867
3175011281659356643314592607078416931582995569226843721273103263043602560845
3115885575200821787227020408635381028125355379691884231399338496596965573578
2602462327039782432694431739756909973688104144065418559613083173663214719904
277828294448451332788940317158515812828398623612741272756339756142275160134
3604099288687003482704304317396359433095784467996591305196041794877877371723
1487682959954013827283193418164245998033635600309199067914008070800135217180
866550051569999391166028993044003815491925338091989618924860897751095914927
147586074446777754001727087270567736379148953553053676939202021292575919959
1146988342801492500134588419013097213527895653049943021425436588486065700662
1085276106251865051980777292310293163136062701940675711240636923811510779664
2069661348676975042296522643911340230149443203376895236113593182487578552437
1041482266937136303894953645906947236895893476320087857730596525280231200546
3418891195860041576773304792749056484426803892527394722602233978921428758276
333909050222834765987849528154901642109684727031482590180954360844031012051
3447936939895978499147833509611649785095573660257872291236254826212908159241
1570270583168100380889653170113574557296042921457882161015180609448869711045
2675238883315519143912636870957195628600343328054418781287041162855826123532
1216456524546233992232055933415135259394809648777206697386950368597797678680
2324528901396301717059838976875802881293066595654438634051624569024280683738
3400607804124580228747372509554106670116891898199249374414375412019787722483
2634139356110117090618346110480630986394707459533457593026504923781818948268
697650231194223278076949816123561175267949544734600411889524529065350210259
846670749164775311236105615506804743365374903845637533831793439556824564363
2311281029877883212544079899796605207808474608772263711586297431269406303487
2334477609997647431455262141723976713611916453506314397924501944720572361196
1745290465338414714737216971104149838171769102450753991814163020852860285458
2381253824839616593381446534724411657687725866610056479520525486085107758660
2922892664247845315588659422770904162712537801414669951391138123158893752496
583391145262344430301908279019574063392543658458186963876617411320694760102
1437398443306330970189234420670385312624427891165234772190307202653416306642
934920176673820989663329285357932568113226261922172140940713760140338365632
3304577005987069351280221866396653806550750327609375706245377710562957154463
2274018413529533229915637041869849602199796460110231677446411483209831066179
207537081263026424511916396661791398235893115493101564723047747343415675069
2916682054708076787306666869310562197731807166098778471790922374942593194460
1299939596439650903237309896250864949937128797057848370583444223906861668033
2965297489735927322134810904175027842714861365625237960911957022988452876122
2767028624082054018993664753832898775098429985691514708273687665151854205972
1312012932531029638594339724081571437656445126077993204247652004287162783479
1495080768404525083866319396720722966566119902008376370232337924715571961060
673186564683662728162781703315870238327684359292230562945988068820405850711
2134707351676676128505797383541006559698315723956969035446346385270923082729
1058931594623839368682329690610270586023771255323773663800516029631415178340
2395204092403710796144600747967769572307209614599893377542812525197665365051
687978465829855455719276722645820014717314436645521487968097696270395312854
964907934215094417693985560564116395365413222185385242095981981567440436193
1000254321507038222676134712568435607164612868205399986650743663162374197933
2590213359719174211950110844212306101503070171957386812633976555722197774218
1088666579514441977162381913188892548805781983729930094993814965847407455189
1225431171763883091854025362006775902139532780863071670584654964326208530828
1158547303978050090732495858860376587122592797310476913155856768989991569279
3320707128720829772208342644481500995977790137450944227691019964580058124129
1668014228196058701501141386128465395201324388670681190888523826595677634041
3393708460096299634975115670992979212302979239300464489515947074253860570576
3325499005952369092669146831003076950248168458212698041630917116887599937968
698487281108193039356638554480048796914362542201629130389843593965723644051
3329501559172949629531661130248456766598891529413472792292537445154209953029
1813019667737296295902075930904854634843360823217321574049071952035600153410
2690976867121893198084072121464438317505275441812712653336818191152104019677
1579948805986142234914425464027701158301340435844630996269654400690891257385
733492194550858910884881728342274422050425121795997150101041296207935536644
565034888600411351163982845010083858252943065063709303672752531158747631039
680099519707604731943744820163235958270764654012100260186390039042001736829
1641072128960804751773278175595949679801912988824187638328680734609820970946
3349719351120292379890375154893750460812382855278921225454531364073862743596
1967228321662136787663268825813132744029379128849465862952626245351137192209
3154111138515028495951544393046639809964594036008965406858516281734523401394
3459454089417074193297911634363199075593917824261139725672632284396231095853
144654983905857433906939834284970872544305942236551064188299891990262272401
396695991062988930323620129067922073816512585263251370228579410829047812924
2839463795609565851095543378788288703485634027615265927526866833907766893056
1519745595555778225165456386140347301430120076877936947652193790335718170061
2397832893982270699415863333445040514947541556334053110798573392610722864093
3235910850571801861255467614586264641667638504813295416886132766676621505170
3381906587906247333685100432437260222318785478693658146543597905223460048286
3542068229148419875208949995585346169125681040097642586624647912422550294636
1536122939426838804786004954725717752630614176658498710405567328468544438182
2548831852161325644877103052206636265896735512446375334099574029936929361701
939447839974262163399717826911705173283154041095706166603580880623728709097
166654349113518949710628263781669173153102262091983641573247252162386796181
1351540811667547014548024577339028063156446175865606615732648653963046368662
647388677834180696083678081665846489472981302917163780994646675572472533767
1829370491880669291977228032374464703343406470446451914223633491710394137860
2898274733567252438950306997015010275425665424628096391132116395981349960391
206429252322068124155045894014713950207763826242245329198694776071479802333
1351638989196349296627647083974908884290514250691129799301334198647737804524
3482316937155340520943495869374166707996569062816560855177491111910738132202
2127226448971744226237627878702116575530888532074535087681858443880804111629
1672601258802185950698777424103494678154214566202956087088398464401219083903
751653519491184519075178519718777215118772443793062346724368270717918159940
1301598256282646758157184379111658509425542563034856515523051214599744526608
61175766771895799687680010017558837275753625511813648040811028156939091125
3566146583629334113727335609578257056604836774017702447327410263936158716195
2152980701468489210887677432325829905020598904101854590771780961126244668754
3512066424975938397710564023893253598856097425230662274501195522335956104254
18777192465280113027321598096875518142477378056500034855102807299070753767424
57576198983347742100550002506130857289090953075651629613774180479664799088640
98404899702385941149058210134564518085242953347764532272940732288089079152640
97524596945628568653842938689782550849228308027407373973721575826786076327936
67950535895840388338280976553112036621719333286939575692538667320318781030400
5183820572048834935327999264125036503209403713588605122420145139660898697216
62863606503541379523113706018422226418392997220496434816951574114712778964992
1910690085260197306725689701386590639353973044663084255127588306866134913980
2318620651525518379026431346874357448748660447764159408649606408037361110945
903651075166785801207699543122939936808832618520244620266660900333485754515
17620899527992507633745785136665999647873864200578766302327137281751650820
3040987868668163493565455062198990682552832531956227188805525457794704051797
1597227978359750506324668996569819163247869729903944303727381062260739570298
2382016552597346644085848429798038484687756593345335263488273986625660250331
672187214764642493127970123122105408866824184317551777854102806165498328298
1235252787374189106438515526674544065603099119779770059169008086755601579159
2958135068350072465231740249231282505462450017718923052137050158473676280117
72317145015100641703788800766301212067485522288048860643665608370570082026
815511648238515224539416188252306365528654166895986323872485891634191906358
2142699539611640600595855734040413834365715818784096895035498571684129286047
390341934068557719990454638559825482045412716134784178580102562097450595346
2258354771186893589416128948987088227329493872802236647584668821764974610432
16168985422860897964428578383461817617135161160588083780926389007347726131
626238507754016356144621128947568916491819187284344641557239416354980119395
933352817100192891613567420359647478393662505625416722269776226626332062037
2177408025251064955746845749793585672593082721044178563677447074241221226663
1435671583497384108797626281427864495118843739674216371751211645653972262547
3048592738782322016929056576269168700917702650960840359060561119297394190684
1498667210504983169463756673733585712225855323157626079271387735153438753672
2509996656752606183972063737677217538949711642779443316942330510511414684463
3504496603501820918593561952184589685555638705642971436262401615030771662451
2521217198833068286260810793897158915578435255665110885492908018266327244947
1959927502696431259587178800936221985528397595638034297848815915270239075299
1415428613360741878873061616151230670222753317626516941901399920194512007025
9012576551663499099693872354800083838444705806367227930513521430626785196
3514032380039734937387885980599234145671532884787239264943687286658371835714
311222922015218490996156531102381529071504978916651658192344408625297452670
459106655271552687353509387167584526136898662110451814780745280443767388702
347398965846674324771834626294306560584414748092516132863569246433540303677
3017131496159741220863868118519474765332331560024338940428648830087363710000
3615693342835879487123075709593570452438187372715547632927242273645315864641
3233388549787353622129216034256553069657239029017307379255314249906201721200
405424993826037822782647287508932665298976374178050048245656360227174329047
2056282728802688075842772684058384247743583295281940050081791079859367702802
2771142321535534095013492961218152296227199147894200741755375383987370874992
1337171116807975017189466106874612094991945228608737755018743044346429531883
102632232403337179420630753819895409433407780112928256020747179642178925398
1578214984496576028067956975910250704224132654732468081770484837922841167060
2726356625933026306211611452313743116697058476495396352643852335749035816983
41929507734250267144536728953090839964023841380911076235378746352437136241
3357441958385474474492024181278493457105793675567721030008752623932306212986
1972538273139648399924627806389675012583896126799903263009378547446839909160
2700527835465634262654102421519863628299476552996152147807754703553438971843
2175376664050445734774901213699618054684193031173721652177490139020224620767
1263315060346825925086639784248471663801572972946112754617195140193365086024
287352360525007217122039341750071701223952885848128906239215871785881027057
2062010991721408357206416639221459119363670158778634099426721397908661230171
3448368240902226998198994742148252791890557447622316959514005905279045975241
1417088322088159958202696687082658151421041582785477395569660242489326778553
394296394835207315946589928399823069381072627160166741402885627033796411137
1137683826999952190299584545457270929357215030181900799926979482753967306316
2457810925464348434522595999950287194012463614762268251633243168878801263684
250788864143985747880963010682441132098396724867937650529107545275349505033
2777363361160478493798956335896409045191796024001771714362680552621377008301
2810390719786729799624285733415404459644521766533224220854829697933460403645
3514358920211996730926304926698641149970502212793296242848409850328648365514
458130993304119893591177804486593731578613432332644861888970221234187198012
2012193590181749079509008322875508823726204927501715372197592911205984912120
50119052432081089893012588587941654073635543137029643274025144507029986082
1656890407555968496205352171858449045908529123791115998590656038780779218228
552404658545541078027307215529925608176019770993240825701483769104340231687
4623931154637603806559905075322211151966055819192638788108232161523
2912488603954552357762728181628877398039101516291462539230915031992703690064
47137122549950412588420208654769440986682455998378030625286007771395160472736
69345764998022683817284649903506440132818936224404718294801734196386616061241
75692494832729590499718348585740074676964512686402581845122709830457364871004
92602942499599747108761920552568859646617286033085362028113660578135550402917
69385858646522998213183412959746510291968939758588040208372611973575973283322
45028716458651472465777998380249762083591857270703313012010015680389566391018
73558538401440038793846165609566301170787454726183279891107936311933207439486
7441104341232716112038762958192961403493998414909532250436813182660177284386
67826203110392245244422393560728188743043023432092096077085213756901860666592
104986272734575579123520215400919257623576727271354100158350198650806397789989
102510359729590357611722232935816741441261239376569316745809766935223373057851
69475055572821917663223867317408371641884996009473223099993552732839561181796
81738776365751538769085672081360886912457543554279323558425617852594579588060
60783541790341739889732494240900956145491578096578027831279502143000294448747
53891949174724299782417172273527212682627455414809269776711168138094057615319
113698863234410218180621786471095815395076110948611230015915056948606881640271
70372377868153397203228635844384619061519465697216800673543161494442228170245
49622452408562568670927588002201862870483197712835753046269824228426598467519
21265045570024233111092386046077162834464402703510567876577283635776985282469
29696232252645340585911799873803932498868562932233230487226403931722029004185
37670396515001595476165969587294831727462129289996172788629592586439902695116
81039075924586035548314895806651648920681477055414088778716281735450084216243
90830734574419283220955923583678792302642164947095540255850810040795065412083
67399757155972651664254178852201824351089851104814004771121169526586553942985
20619121488797481226259757053791630944514871973744201793948665777726658257214
96362485147596608449592644980624044379392143639762318269093664084714665738448
70745773539090199237591954217216446751840752420833713352173026317983329040647
4581091947660008770411800934062816017590630529600188830461561951357552943175
35693956165531669069980507992535271917380397813846653107095863700923639897790
105424191170551027671211163737610916483264164364317700267237885414147985624749
77030538317167294071677581761548352421188210125095948555998448021715939769786
64886922257600451815777254929151992181814749444657748254610129469449322667556
64670023625041002298680852890589445769930165929342411785517934587225123849275
88995533830805162307346965537765929412520257676375340389179478253681946258928
91990076459165677101444787502641026618077035481085546023788313825460501488018
15417784435679566899004502330337374395733247798891236643884252217490206911049
102253567304132095851381758290360204735413062279412306407562924627180807276882
112297210871364421205808682209257239675451669040492980859307166070976597110450
76388029645952652625031659090369171951468144979801647168235687394900961834818
49321282503608405985079450720669047396505095305089891398028331919295534731840
24323451631155427827863529721977907763654731514054805933577650173135578029402
56382302900751194208278529759342219498704421395032004787584374815802845432289
28482674099361765235751522890585238997524610559639264348815029487225420282939
86597989447518367903902903104857976065500582708626855598165477283296985262780
96333522717655663755395449453868999389190832585173764172084665495513833591767
41129999405912081932918679249218232310776871691215890166817055382927745659571
16434666741393539118984696536439443229659157484359654601046990198465354733380
74955638111179622903933178086470509048133139386850865653056510540280857508502
111414870155978301300287624473085976280461928016259714402668134488238539331201
29307740647157167422663369986208497362602108392794878012858576583516049397247
16147837964106473755629046875774101773954525048933447663294498816539549279711
53792589753624719270794996836819414308682208455809970817635007951153487565371
82110384147137465216878274093260811656224273809691207821898786565691265124235
84569086720255278948506250519161163173365361500492596706377859086125627159038
81083198317957445057968298357650027663799727232776417070821340716390743362055
111691453128588270133076458930141014609336215066021798087519742315997103681180
75843221206541449832414820128815367578240160211212147889342328544043082492329
10713496720608058529423434956461727853689146243992166464395677760512147037471
29256261778809596265865242523536993113625438464296720823741613734839125193116
16903356943785847559719183550331736890577704182647975631989969773981462978748
92174576006596076178227668391913823805430380273212299401794529789724983153462
42077704316401501219615866157647571729277968557413935156502928121344464885193
56810873549271786295857894193782055340398903040574852116344407647844536234117
89963904079483679529154599874579933181164110509495025549934461717099944255444
2986822369423409730873789246425540835502628810665836673378914541549624067478
46304580591378243300821441097633396381491319007332192186164667843185122234700
45080075011599443891840242250718689006240286325692828135003119773678211748348
113572763060784957695023871495335742080761496677312389503014005313440582651299
48831619938930782323278889845878303496116487352771291546773064891044897304095
76290725652479644453582790495811221281496741710546333884620993465410743696960
62864620354829669641998428811820074405810653791551649275987133390974048643738
12906571268986247270529114272387724222819013210926294972735306276711100548383
46263490898398028283926949301136764458167278043520100198805518698482775114045
92565391712926583395077376745202598726366813377244487865429638834125782419944
45229741604764530390674599617999138856289907623792685897787089140184791912714
65137578232211154283625757173659370820354621991931259943838089557081218042821
85942706493077928559783917270911269377663784889385321352715854998114634925864
63055790134023234285942470015537573347084062677516392141134718533594170107726
4795904432447964998656750749783913056896576840018789085686888798920313842023
19602897816908773355726939407033115072429107061901010710711210355643194226566
71029596301163534087859455027479357343218050498112584188815534689876611573734
24310147549492261675455832670523670456055423006651386031858482787353433168207
66523979695389923985665127674950270681084332406740957788494369427505596580851
50602810663435983106819939543553166596035558825348524407601726374186014700197
20065590559481340553094329865836779262294159095896631236265944728046109273383
111888433618465236532161485727483856236396645974553671664647489294874659762140
49903050472026191434557876268302274153437796501254516506488907620148163927479
98116621964889216016111717856752325195286898639476037395923204772237902267081
98892601278576244725914620414467932762945700757473778045955232054894708333362
69256658854155157288691406605449106653907555424258053685729733028571536597227
73573726101542438896135676189692882553292060175242952517441121080166759704611
8541899767635163754143039984389738669330049980652823887654309324880530612248
97904450027108689539221550636110166259435648772297267768775768624300682186318
8760922833893752569530213752750224711537860370244380671513558246364821247892
46885031206204342097332371301219431217354641802808805792278093249101866723613
102460133445085297844314100748891388062115284113228989909277005197987679355785
97969069676592353781137873320597677453686105443537921561369314608890331738713
28649892867598791400374289928021055732688487396282794034165885174656845093323
78248929652233859589744141806896678657181114461647757122347057099903283613178
74684887071603830990617338557047172992520039943083914206739507293372281193972
31116196607113556718806679136742653148452404933826750538057223772222452326984
71611875811190535720865357147929499296014690414408252817755208851206472194662
106557610617837945571685439054187233774400988346327621616954329201648109037993
24443757386643652712139622175930118835388074177460428755053293412103944794267
41050616255294017253738341919355493306510927418482985315789547581006513940901
1215539872423241571623188972593632265396234470290901748509475856933909497848
53710070532335933402836682766859141034182653477819189399769125900365209412122
33733273735869731041574122256096646741913550642837925257488747150212183528292
86460279645142852745737069055965304652967548664361690913147099432899814344120
10188234795049734938044051335126106982595170838705694582229236100751786493332
13471776805214416179809598753300882918573459544492171231301872583700482072012
102372898509102999843562750357061793201890611371433482219918206624626384584350
46886683291502434265859196324748400481086202316641640137633967542333489327824
40607961806290539688430717688780179993854887882604353393054430327613473383711
110399150299191648228136023556399238326681874524034688957451492470077830279000
68936305256682737057139186426466855031451232377493654733340923465072289367016
98525730407155780255337800881411325160665115509594516257150206137778385291183
32614934713366202028395660836395954689004324441777123196073592262092394950423
77994590289049912739475227697181684510176731304885955378889763403088768953142
2435778742954430624421015322966615528149562196424202780758467226217141295987
44441169695630850064771856205748809194932601838723418244789745930479242254007
39142001237096136456866258106643863030183206510885993267037182185066283629821
35094460336386353158491611521538793898339169356557598219758013504192265696510
100243641473215011113946404138189180286186025687280310987011115479920793573707
102562474091556899744327536484778859121294040017794178809885577018281677148516
113568705619220310623708815726394992356567253744166027754778539757165159771957
109931790716018319718907154337082100001653733640813739897611248386312050973801
88414954181173269936643448025783375971130566389306082993349914761747771405052
107488807437160650105137027137490412271180351937890514261454224926731956757083
111087725778392783554081638313841941858354123093343365426675876974835613221317
69746932294588510387555217020715498621061641707396658603102082297446186930319
32361137485193157021197327854474328219506687778502818184640750041642135493035
48149233826692285798987113107057992497687207393956310053484814949257888068952
44288127055990128705375714122879307093127128776558674313800306812119474450541
71631614735921183477299411666134628796977237037532304393247366782374194718786
24865960563688286063343189774730619804815491688938972447850512989106078739441
45398049679788367124179734872305544476402415219406787030428116972332195728891
4117771214873555463402873468408082255358907685381530003247349874378416423049
2025124221773767455765322279216395924828044683927622510000143779323294404129
8931575511656532669582596600257371724983410446833665622001574943928573269795
8477781370737179076310521725154542664089887616881767750410761713696172317280
90590673968229851495001261196711396012194713907297008072201449110798823594040
45045986557713817856106593055456432840315595416392571956487659944653376590206
106412525261139924590943024366450340052254113449456769528212827465090138220893
28449087819785072770285934125741630610955796914525034408887625104413257576364
57283931227644206161496218123719559200724037615109410200331046858770294638441
30839159592584714542946132814836528378588356370080794538639728482207321344266
54157554312328143126929050607094406886588618996970524300581982908510496178260
27941213153159041101381734864849725400146108243069634324890492892795716030009
94342038760618590860890101144209225832905049689070068596425283127148581696905
113636979829208290868686556758591595313574404756579394127218232330946621618740
112537845284499644741573461193884980608361858418695924530489235260866989882806
111334951202232830796529362892202398044959953858554196371607345279044451359893
12684023305500185740018965884693621406405476139989139722628665026970058240706
109789653466546407569080938821659827649417076897583287534666932717995588022172
12498806895880337224758370834317882073585316404033379787317360403604853926350
112907837406200160664319466762192271864694440851968749209799107592478939071261
26219785161241281057790253311632388676144942170758919557971384855685916334533
2188996908791919692987835656664097136420510939515528973398291845283812143959
63589080011705185526106341347734346279128458050092512220865743820905506436327
95344199643998365475299628437810951483016320831413049767311370771995775883361
23464846736301755868800660794269413667130071573035619933924732697889940079470
63351300927378220558620636739898266368310612577987206674940264085580446433043
69754211605183792236754447313682687555708542152817106820297917810345460848035
18107533375353970737222871683210113422301707472179048521569418967664386632644
51263894030262133184937613106741528917188834235698951583015985789674152687978
8267307729018116147262514909198250868531869421606400649249983476516719697984
78622342063287057370859620742832062695292970411006161762884017480112764381605
46936266917250061388131398715557615701772437075854844941388448274198879491111
73718169199512123447887138650061433653390865052463891890091289801787212045476
103896413566989033138187943398442153348964992779840101090552005795876394418211
3243043694461264437655146955407349670728128780807322209164507344695336492241
68049561468741116338928538906601093368851094324512727410895264305118174783871
80543496873746199593539689917552062851468691945024642081678196318056124334679
104201119875963310527183479810669041726945329513448224982883611014056425830878
102081642362924850659389345543565159918954118965837828764735449499754677868442
109291914188354023822001242018469301053629557888659105808128469304365154821863
92500690358978081067675331791003926359588265679015885175093702009576793791047
30675398462967831273435322443295040249323569114572649172351164593853571955380
52124593362679400868642654235734320566181158732240948960647362135145345531395
12607874155382625917827641852633174495170907726530887849069275208350410000842
64193744909257033617543027194115380532190553018139013110627149359779906534094
10834731573628052808800013693754363213770713549181019205112843039956323111146
46013147590896647028697029997526070665886346229874427535102827571293386500757
11173956065190784893793263403931900554170278533747260087492243259273729874354
57580895616886507675203159862643758637971274845217440813551387217162518316876
100165728847913503757755402505241410089369032387863761962520237974612049973945
87921937229239246299496594827610606227324515886989702602884637497890988548648
101664848398479629977889411150252094313325947707384560892225961722177187883838
67858500152046799080919353048477574044405252589268121645889267889003767713786
10847218848133200435549064182722023895460746914368357717136785414299015878331
87051943179611190327824906118857265125830316224207276999470565867899089768977
3793615038740941381911740602114592970045665015651475716145552893457492624323
6593642041233494492344012960743502538047430685836306765218846187974704197843
16294596229907895148505512710358702161830559087148895973183346714182920515767
41611622151219418127647929821056228896435683423661783838199617337747090801350
76812209816371926519969726158874726400521745954894341008294340108398636599998
54530173534216783527941968530852552886980586042578426653922416431572284758803
8534664581368067233135499882135465108394129534232283817304474047858988513971
37385827966865757632541783532245551863995253708160643385270148140565433253571
82191386088857635076211085213549847803470490778119664308609634842528446693477
41541971689241839429425103868187244146512455256095358575059708986783765336884
74025548270577594103013214855420521409568975323695444543206174228960207519347
35747142044152188604707674379398226368896298248244334368269069536073014641908
48774255169525981820523816007024593032269979410444038627550309312216512161296
27774352877337023073166671974310479016790766400061901567023653388427509304176
110661033323995127220277934710547777298436837971155673428971926860527433602168
21726503554005998774092330085730321029492892309518114779140188162503343098606
9054633807366826096836365496544396068377630649372899628626883808162206906408
60218958694028475643186323777153606004655833440995427722089733845320026924114
87147045360119504081744781226698704341249232711682357344473098357372418499233
6646359432520979035576817941386527431616703984675302086134295938180944903322
35034485408929868066555153275994372695548299208916090472307710329377780412087
18201032492301503144291370502271571681353816519049484377514314863793812964466
103703267139647963545691349258225611928273644918593530955132996724104377568359
7405790135248161035618786508925698930450991892695334310030827471622059640117
90195042277821740025010717423309344211309932797313013556771747904044839500045
81583064794750602622989271391461708600908853676302037537380907480530328291564
54936262287937496236857894402183419035102777113347294346142520909183084727962
374877419817861031313769032685922120519953573489675728686760297650689839276
68724335374938963287754518363614311984592009722225088445471607556411446927045
30201744444248843234677774649490111589419962869489301624153221592767256583152
46484292189319020278113266763500989115802914166312530997442759102367909083523
102835804452553461392954113400773552481534710477278733590899736121568907212271
3152935547760263593265254297121879471771565054645476096130420505120107529960
74410385346981767203391815689174109587685688705570874507472432847615762959934
23968614843762668898983246632832886213679087506511282908283038178904624649935
104807582040690157787657061822030231247689162439765839739991697845248072439233
98612540384973213885382151623820311490505760786564082790887905723684172247348
103813397109911977493497914660883810257045651807765214132175208934984035086428
73586895333629918772231484769558594530052859502303728367403236222115975995910
71203938871108406477396029589671109426945209661392189284241026547858754662890
99529828946495618201547373920169044721997470000987998298143512552673258175485
4334849440833497780014494407933081752441087677830717381308118958469851672512
82214301855237154402370257361976789085178856756532277066559548424219924507066
94193990050944992291418777093298901855633625643026197250832398333540782261740
48832948359569801259157010855465123516283568443966807288621492787350880100154
76530197670019838426773815844246025003999810180167609227316674769504140006747
114395658237609215501363849420379356848879960007751747367495373976023351487768
56106481199279330939422156774713175714641817048912555299439846616802935895937
22979587757120632210950381916822839739816841176795728242979157847071143931541
5291706577973939247879256669146348783195320391140866750319017232931739004630
1377623782626353504390129984677150673190622498336249617609147180862628863276
107091429606033231505542948765331003899763028447144632092620074248971455843181
114023580104013337966411677022138426765642974171323189641729573411332533183918
95620280977151785716798295158150742763359941720685178914170968285460850724356
25409293242870789846322629500644725408440793193617047286036010186163249296359
53753923665334005880408798505062259018327214846825353673037954662771775131334
111747129362542887165963576122937497159247943218962061056867042056117691029233
597033229361363080529194281987710599575555779241841821082596492972899127268
21178608622379354447622676607360537431411836576457153659818983767982419524376
69969576967143461597863545042925855640749478725917994261599930033926676082548
36051628972357329998412645820336434192959912091359991395682651980071558290481
66848770733739839282844342403565370698916760180394041301552259417734917164329
48906152785733126312340114734008625883400146554515252156825443708495786269176
99387464675368731513074735273452467019159509742344474715591047074434818121484
89032125132427715206532641586194693339887778871927635281234879368871907720095
21881721830866398246596440486146147148154785235049476461407116693752043014118
108414643781182144981690931295686772821243180796906840342984698467593358250383
62597842960579313928276669883302172349704696089817114005811580985940076837041
78405064007751914648872537378706093729088235876091903027544506593195534845063
69848183194421959217168951632736095033209069271075453457599160440791074710288
19498604224719481543905188220250397686180868472992974965974677040440520758638
27144764347808633354331033085398024805959005532515882198671407846830132969842
47348221732058303055755069837615633026175658882311361377651658963850515383046
35237970424428787034118730793968578313236295621685741000848582909562175407164
69377324260650592762824210910749903007229948905016530625327052646547794152508
102003996576936917092676505902474127001364614799354973518890387285626208921700
56675920488473933704424572149456458898969571176473748111577385443194228793744
90635165095117545019370209944406748713927284026302439337732517165296965840089
17548480567452955719968080400414223878058804947223154067920147931943428147471
112949609854184425700381429622776524148896781367807879044828899311335755376548
74490466870999474182996904572601069699769575550020710317663428083920576070694
71149973143567387535869049233314630472869435737880968260867259941607557718700
34312549754728691748691837914524661719546680008596915868280440457924034922867
14451920815886813545408405410775872348964580922209519888937915105310089673993
102457185604057261250366878671760362874143090902525206007042606489923274627115
15060543322084214790619604277222546877139407092954920364020733280720844152514
77837644735630638988577180225448520447969162454516109575486309614022069472673
32793850817192105852706805460354533229363881428176075978562753779425800395980
77328376923316757747074140921547601105696707137563715007543085150611777783697
3438866464703458466418894056325322243629738903767509886904282536698037731224
19610846512559508554954751754738143406077549158512947217214627532890008648233
68979489826573020076296270359898143021976017649314374427233174093770023539487
101008255752876240005633017864477755887080868483839717729125497367940934338840
75390761385647008521943509620298983076132885820584384038761371303769620401472
29585419783923333638800282892967637665602495325633841830825833050088617205569
115308251033512817892471643493927243322988638530539667911580878952065247695435
12144703866264758147423299326534713642482168870725844481256319400189985572870
64575341050871192554293783134593516222947894662254642152955974992314208376940
93086743246213276326110580450286985102764770921218225646831632717351749709051
36427786200236501086228016013629750492999711544044477341948634900306557303689
67485149140671611081128924175706326582650488332175893690008222985392744300544


taskMetadata	uint256[]	3
4
2953572585820577690710757459599992447710919718017840405803479078264904049131
1
1
0
4
2953572585820577690710757459599992447710919718017840405803479078264904049131
1
1
0
4
2953572585820577690710757459599992447710919718017840405803479078264904049131
1
1
0


cairoAuxInput	uint256[]	21
0
65529
6579576
1
5
212
1129018
1129018
1129031
1129031
1700120
1915463
1919029
2177607
2177607
1
290341444919459839
4
226
29649121512184253958992880735355854847837273556429807680097358140279268569324
1129021
2
14315341933690042154039136735207538237011272024746466685605564197237449165098
1129025
2
801923746304362426812516952876095485329120320814159560192071444634928770859
1129029
2
6463746679634983947079211155713758383980136941449686280478903860359682260796
1847957627264179733289107197880317824390411385218257772640802524349875098038
2562821657494371652997514340708545661682070157872860443781291954673045239292
3217774863121189125407206511832766063592144636120807883932208306574465109807
3110031901479809195239444834475150556062856234298046041113343367114178302499
1962171329739646857668586695455677713342114871183695303486751748417224915340
2594757803201342918539682230827566208379430023802824471391030731098570203339


cairoVerifierId	uint256	1
